0 0.225 0.32734375 0.06796875 0.303125
0 0.1546875 0.59453125 0.15390625 0.2734375
0 0.565625 0.72578125 0.16015625 0.48828125
0 0.4453125 0.75546875 0.1375 0.446875
0 0.8296875 0.5578125 0.10390625 0.21796875
0 0.9421875 0.68046875 0.06640625 0.2640625
0 0.6390625 0.375 0.05859375 0.30546875
0 0.4125 0.21328125 0.06015625 0.14296875
0 0.7515625 0.82421875 0.12578125 0.32421875
0 0.54453125 0.253125 0.05234375 0.23828125
0 0.759375 0.2109375 0.03984375 0.1203125
1 0.43515625 0.41328125 0.11953125 0.2984375
0 0.7875 0.32421875 0.06328125 0.19921875
0 0.609375 0.28671875 0.03125 0.17109375
0 0.81953125 0.2265625 0.053125 0.14296875
1 0.59921875 0.503125 0.109375 0.20625