0 0.225 0.32734375 0.06796875 0.303125
0 0.14453125 0.6390625 0.1515625 0.24453125
0 0.584375 0.74921875 0.1640625 0.4609375
0 0.41484375 0.78984375 0.1703125 0.4203125
0 0.8296875 0.5578125 0.10390625 0.21796875
0 0.96640625 0.67578125 0.0671875 0.2640625
0 0.665625 0.35625 0.05859375 0.30546875
0 0.41796875 0.209375 0.0703125 0.15
0 0.3453125 0.2234375 0.05546875 0.1640625
1 0.91640625 0.4234375 0.11015625 0.27265625
0 0.7515625 0.82421875 0.12578125 0.32421875
0 0.54921875 0.271875 0.05234375 0.23828125
0 0.7375 0.20390625 0.040625 0.1203125
1 0.440625 0.4609375 0.1078125 0.39296875
0 0.7875 0.32421875 0.06328125 0.19921875
0 0.6109375 0.278125 0.03515625 0.1890625
0 0.82734375 0.30234375 0.053125 0.23828125