0 0.2296875 0.32890625 0.05625 0.29140625
0 0.1 0.6109375 0.115625 0.2390625
0 0.11875 0.8859375 0.14375 0.228125
0 0.56875 0.74296875 0.134375 0.44140625
0 0.8265625 0.55 0.06875 0.2109375
0 0.959375 0.65390625 0.0625 0.2640625
0 0.625 0.403125 0.0625 0.35546875
0 0.79609375 0.30390625 0.0578125 0.2359375
0 0.7640625 0.234375 0.05 0.2140625
0 0.53359375 0.23203125 0.1015625 0.25859375
0 0.41484375 0.20703125 0.0453125 0.146875
0 0.41640625 0.7484375 0.1234375 0.3640625
1 0.4390625 0.4515625 0.0875 0.33046875
0 0.7703125 0.80859375 0.084375 0.3
1 0.284375 0.490625 0.084375 0.1859375