0 0.225 0.32734375 0.06796875 0.303125
0 0.1546875 0.59453125 0.15390625 0.2734375
0 0.565625 0.72578125 0.16015625 0.48828125
0 0.4453125 0.75546875 0.13828125 0.446875
0 0.8296875 0.5578125 0.10390625 0.21796875
0 0.9421875 0.68046875 0.06640625 0.2640625
0 0.6390625 0.375 0.05859375 0.30546875
0 0.41796875 0.209375 0.0703125 0.15078125
0 0.3734375 0.21171875 0.05625 0.1640625
0 0.7515625 0.82421875 0.1265625 0.32421875
0 0.54921875 0.271875 0.05234375 0.23828125
0 0.759375 0.2109375 0.040625 0.1203125
1 0.43515625 0.41328125 0.11953125 0.2984375
0 0.7875 0.32421875 0.0640625 0.19921875
0 0.609375 0.28671875 0.03125 0.17109375
0 0.82734375 0.30234375 0.053125 0.23828125
1 0.7125 0.53046875 0.13515625 0.2546875