0 0.225 0.32734375 0.06796875 0.303125
0 0.14453125 0.6390625 0.1515625 0.24453125
0 0.74453125 0.81953125 0.13046875 0.27265625
0 0.7984375 0.853125 0.125 0.28046875
0 0.8296875 0.5578125 0.10390625 0.21796875
0 0.96640625 0.67578125 0.0671875 0.2640625
0 0.93125 0.58359375 0.07734375 0.2171875
0 0.79453125 0.30703125 0.0703125 0.23359375
0 0.67890625 0.32890625 0.05859375 0.20859375
0 0.396875 0.21875 0.0703125 0.15078125
0 0.3453125 0.2234375 0.05546875 0.1640625
1 0.7671875 0.16796875 0.046875 0.12265625
0 0.76171875 0.325 0.046875 0.2109375