0 0.2296875 0.32890625 0.05625 0.29140625
0 0.165625 0.621875 0.115625 0.2390625
0 0.11875 0.8859375 0.14375 0.228125
0 0.696875 0.803125 0.13125 0.2890625
0 0.8265625 0.55 0.06875 0.2109375
0 0.959375 0.65390625 0.0625 0.2640625
0 0.625 0.403125 0.0625 0.35546875
0 0.79609375 0.30390625 0.0578125 0.2359375
0 0.68125 0.32890625 0.05 0.2140625
0 0.53359375 0.23203125 0.1015625 0.25859375
0 0.33984375 0.22890625 0.0484375 0.20859375
0 0.39609375 0.2234375 0.0453125 0.146875
0 0.66484375 0.19609375 0.0453125 0.11953125
0 0.6078125 0.228125 0.034375 0.14453125
0 0.73515625 0.20703125 0.0453125 0.11953125
0 0.54140625 0.8609375 0.1296875 0.278125