0 0.225 0.32734375 0.06796875 0.303125
0 0.14453125 0.6390625 0.15078125 0.2453125
0 0.584375 0.74921875 0.1640625 0.4609375
0 0.41640625 0.790625 0.16953125 0.41875
0 0.8296875 0.5578125 0.10390625 0.21796875
0 0.9421875 0.68046875 0.06640625 0.2640625
0 0.665625 0.35625 0.05859375 0.30546875
0 0.41796875 0.209375 0.0703125 0.15078125
0 0.3453125 0.2234375 0.05625 0.1640625
0 0.7515625 0.82421875 0.1265625 0.32421875
0 0.54921875 0.271875 0.05234375 0.23828125
0 0.7375 0.20390625 0.040625 0.1203125
1 0.440625 0.4609375 0.1078125 0.39375
0 0.7875 0.32421875 0.0640625 0.19921875
0 0.6109375 0.278125 0.03515625 0.18984375
0 0.82734375 0.30234375 0.053125 0.23828125