0 0.225 0.32734375 0.06796875 0.303125
0 0.14453125 0.6390625 0.15078125 0.2453125
0 0.778125 0.790625 0.08203125 0.25234375
0 0.68671875 0.86796875 0.1234375 0.2640625
0 0.8296875 0.5578125 0.10390625 0.21796875
0 0.96640625 0.67578125 0.0671875 0.2640625
0 0.67890625 0.32890625 0.05859375 0.20859375
0 0.396875 0.21875 0.0703125 0.15078125
0 0.3453125 0.2234375 0.05625 0.1640625
1 0.7734375 0.17734375 0.046875 0.12265625
0 0.79375 0.33359375 0.0640625 0.221875
0 0.8984375 0.83671875 0.1015625 0.2984375
0 0.509375 0.26953125 0.06796875 0.2890625
0 0.61484375 0.2765625 0.0390625 0.215625