0 0.225 0.32734375 0.06796875 0.303125
0 0.14453125 0.6390625 0.15078125 0.2453125
0 0.7328125 0.815625 0.109375 0.29375
0 0.57265625 0.85546875 0.1484375 0.27109375
0 0.8296875 0.5578125 0.10390625 0.21796875
0 0.96640625 0.67578125 0.0671875 0.2640625
0 0.67890625 0.32890625 0.05859375 0.20859375
0 0.396875 0.21875 0.0703125 0.15078125
0 0.3453125 0.2234375 0.05625 0.1640625
1 0.63125 0.2859375 0.046875 0.22890625
1 0.803125 0.33125 0.0640625 0.221875
0 0.7984375 0.85078125 0.125 0.2984375
0 0.48671875 0.2671875 0.06796875 0.2890625
0 0.7375 0.20390625 0.040625 0.1203125
0 0.6078125 0.28046875 0.03671875 0.21796875
0 0.55078125 0.28125 0.0390625 0.26171875