0 0.225 0.32734375 0.06796875 0.303125
0 0.14453125 0.6390625 0.15078125 0.2453125
0 0.59453125 0.78125 0.17578125 0.41875
0 0.3984375 0.803125 0.1796875 0.3703125
0 0.8296875 0.5578125 0.10390625 0.21796875
0 0.96640625 0.67578125 0.0671875 0.2640625
0 0.646875 0.3796875 0.05859375 0.30546875
0 0.396875 0.21875 0.0703125 0.15078125
0 0.3453125 0.2234375 0.05625 0.1640625
1 0.871875 0.3671875 0.0640625 0.2984375
0 0.7515625 0.82421875 0.1265625 0.32421875
0 0.54921875 0.271875 0.05234375 0.23828125
0 0.7375 0.20390625 0.040625 0.1203125
1 0.4734375 0.415625 0.0875 0.37734375
0 0.79609375 0.33359375 0.0640625 0.19921875
0 0.6109375 0.278125 0.03515625 0.18984375