0 0.225 0.32734375 0.06796875 0.303125
0 0.14453125 0.6390625 0.15078125 0.2453125
0 0.74453125 0.81953125 0.13046875 0.2734375
0 0.8265625 0.84140625 0.125 0.28046875
0 0.8296875 0.5578125 0.10390625 0.21796875
0 0.96640625 0.67578125 0.0671875 0.2640625
0 0.93125 0.58359375 0.0765625 0.21796875
0 0.79453125 0.30703125 0.0703125 0.23359375
0 0.671875 0.315625 0.07265625 0.23359375
0 0.396875 0.21875 0.0703125 0.15078125
0 0.3453125 0.2234375 0.05625 0.1640625
1 0.75 0.16640625 0.0546875 0.125
0 0.740625 0.33359375 0.05234375 0.2359375