0 0.225 0.32734375 0.06796875 0.303125
0 0.14453125 0.6390625 0.15078125 0.2453125
0 0.74453125 0.81953125 0.13046875 0.2734375
0 0.7703125 0.859375 0.125 0.28125
0 0.8296875 0.5578125 0.10390625 0.21796875
0 0.96640625 0.67578125 0.0671875 0.2640625
0 0.80234375 0.3078125 0.0546875 0.23125
0 0.67890625 0.32890625 0.05859375 0.20859375
0 0.396875 0.21875 0.0703125 0.15078125
0 0.3453125 0.2234375 0.05625 0.1640625
1 0.7671875 0.16796875 0.046875 0.12265625
0 0.775 0.33828125 0.05234375 0.2359375
0 0.9578125 0.84375 0.084375 0.284375
0 0.6109375 0.27890625 0.0390625 0.22421875