0 0.225 0.32734375 0.06796875 0.303125
0 0.09453125 0.62421875 0.12890625 0.27109375
0 0.5765625 0.71328125 0.13828125 0.5140625
0 0.45859375 0.746875 0.13828125 0.446875
0 0.8296875 0.5578125 0.10390625 0.21796875
0 0.9421875 0.68046875 0.06640625 0.2640625
0 0.6390625 0.375 0.05859375 0.30546875
0 0.4125 0.21328125 0.06015625 0.14375
0 0.7515625 0.82421875 0.1265625 0.32421875
0 0.5625 0.2625 0.03125 0.25703125
0 0.759375 0.2109375 0.040625 0.1203125
1 0.43515625 0.41328125 0.11953125 0.2984375
0 0.7875 0.32421875 0.0640625 0.19921875
0 0.609375 0.28671875 0.03125 0.17109375
0 0.81953125 0.2265625 0.053125 0.14375
1 0.59921875 0.503125 0.109375 0.20625
1 0.240625 0.52578125 0.165625 0.26875
0 0.5125 0.24765625 0.04296875 0.25
0 0.475 0.26953125 0.05078125 0.2890625