0 0.225 0.32734375 0.06796875 0.303125
0 0.09453125 0.62421875 0.12890625 0.27109375
0 0.5765625 0.71328125 0.13828125 0.5140625
0 0.45859375 0.746875 0.13828125 0.44609375
0 0.8296875 0.5578125 0.10390625 0.21796875
0 0.9421875 0.68046875 0.06640625 0.2640625
0 0.634375 0.37265625 0.06015625 0.31015625
0 0.4125 0.21328125 0.06015625 0.14296875
0 0.7515625 0.82421875 0.12578125 0.32421875
0 0.5375 0.24765625 0.03671875 0.23203125
0 0.759375 0.2109375 0.03984375 0.1203125
1 0.43515625 0.41328125 0.11953125 0.2984375
0 0.7875 0.32421875 0.06328125 0.19921875
0 0.80546875 0.1875 0.053125 0.14375
1 0.59921875 0.503125 0.109375 0.20625
1 0.2203125 0.5140625 0.17890625 0.28671875
0 0.51484375 0.2578125 0.04296875 0.26171875
0 0.47109375 0.26015625 0.04140625 0.27109375
0 0.5640625 0.2546875 0.03515625 0.23203125