0 0.225 0.32734375 0.06796875 0.303125
0 0.14453125 0.6390625 0.1515625 0.24453125
0 0.628125 0.7859375 0.17578125 0.41953125
0 0.44765625 0.81015625 0.15390625 0.32890625
0 0.8296875 0.5578125 0.10390625 0.21796875
0 0.96640625 0.67578125 0.0671875 0.2640625
0 0.646875 0.3796875 0.05859375 0.30546875
0 0.396875 0.21875 0.0703125 0.15078125
0 0.3453125 0.2234375 0.05546875 0.1640625
1 0.853125 0.34140625 0.04921875 0.275
0 0.74765625 0.8265625 0.1171875 0.31953125
0 0.7375 0.20390625 0.040625 0.1203125
1 0.496875 0.371875 0.06640625 0.32109375
0 0.55078125 0.28125 0.0390625 0.26171875
0 0.79609375 0.33359375 0.0640625 0.19921875